1.000000000000000000e+00 0.000000000000000000e+00
9.916992187500000000e-01 1.279296875000000000e-01
9.672851562500000000e-01 2.536621093750000000e-01
9.267578125000000000e-01 3.752441406250000000e-01
8.710937500000000000e-01 4.907226562500000000e-01
8.012695312500000000e-01 5.981445312500000000e-01
7.182617187500000000e-01 6.958007812500000000e-01
6.235351562500000000e-01 7.817382812500000000e-01
5.185546875000000000e-01 8.549804687500000000e-01
4.047851562500000000e-01 9.145507812500000000e-01
2.844238281250000000e-01 9.584960937500000000e-01
1.595458984375000000e-01 9.873046875000000000e-01
3.204345703125000000e-02 9.995117187500000000e-01
-9.600830078125000000e-02 9.956054687500000000e-01
-2.225341796875000000e-01 9.750976562500000000e-01
-3.454589843750000000e-01 9.384765625000000000e-01
-4.626464843750000000e-01 8.867187500000000000e-01
-5.722656250000000000e-01 8.203125000000000000e-01
-6.723632812500000000e-01 7.402343750000000000e-01
-7.612304687500000000e-01 6.484375000000000000e-01
-8.378906250000000000e-01 5.454101562500000000e-01
-9.008789062500000000e-01 4.338378906250000000e-01
-9.492187500000000000e-01 3.151855468750000000e-01
-9.814453125000000000e-01 1.911621093750000000e-01
-9.980468750000000000e-01 6.408691406250000000e-02
-9.980468750000000000e-01 -6.408691406250000000e-02
-9.814453125000000000e-01 -1.911621093750000000e-01
-9.492187500000000000e-01 -3.151855468750000000e-01
-9.008789062500000000e-01 -4.338378906250000000e-01
-8.378906250000000000e-01 -5.454101562500000000e-01
-7.612304687500000000e-01 -6.484375000000000000e-01
-6.723632812500000000e-01 -7.402343750000000000e-01
-5.722656250000000000e-01 -8.203125000000000000e-01
-4.626464843750000000e-01 -8.867187500000000000e-01
-3.454589843750000000e-01 -9.384765625000000000e-01
-2.225341796875000000e-01 -9.750976562500000000e-01
-9.600830078125000000e-02 -9.956054687500000000e-01
3.204345703125000000e-02 -9.995117187500000000e-01
1.595458984375000000e-01 -9.873046875000000000e-01
2.844238281250000000e-01 -9.584960937500000000e-01
4.047851562500000000e-01 -9.145507812500000000e-01
5.185546875000000000e-01 -8.549804687500000000e-01
6.235351562500000000e-01 -7.817382812500000000e-01
7.182617187500000000e-01 -6.958007812500000000e-01
8.012695312500000000e-01 -5.981445312500000000e-01
8.710937500000000000e-01 -4.907226562500000000e-01
9.267578125000000000e-01 -3.752441406250000000e-01
9.672851562500000000e-01 -2.536621093750000000e-01
9.916992187500000000e-01 -1.279296875000000000e-01