1.000000000000000000e+00 0.000000000000000000e+00
1.000000000000000000e+00 1.258850097656250000e-02
9.995117187500000000e-01 2.517700195312500000e-02
9.995117187500000000e-01 3.778076171875000000e-02
9.985351562500000000e-01 5.035400390625000000e-02
9.980468750000000000e-01 6.292724609375000000e-02
9.970703125000000000e-01 7.550048828125000000e-02
9.960937500000000000e-01 8.801269531250000000e-02
9.951171875000000000e-01 1.005859375000000000e-01
9.936523437500000000e-01 1.130981445312500000e-01
9.921875000000000000e-01 1.256103515625000000e-01
9.902343750000000000e-01 1.380615234375000000e-01
9.887695312500000000e-01 1.505126953125000000e-01
9.868164062500000000e-01 1.629638671875000000e-01
9.843750000000000000e-01 1.754150390625000000e-01
9.824218750000000000e-01 1.877441406250000000e-01
9.799804687500000000e-01 2.000732421875000000e-01
9.770507812500000000e-01 2.124023437500000000e-01
9.746093750000000000e-01 2.247314453125000000e-01
9.716796875000000000e-01 2.369384765625000000e-01
9.682617187500000000e-01 2.491455078125000000e-01
9.653320312500000000e-01 2.612304687500000000e-01
9.619140625000000000e-01 2.734375000000000000e-01
9.584960937500000000e-01 2.856445312500000000e-01
9.545898437500000000e-01 2.976074218750000000e-01
9.506835937500000000e-01 3.095703125000000000e-01
9.467773437500000000e-01 3.215332031250000000e-01
9.428710937500000000e-01 3.334960937500000000e-01
9.384765625000000000e-01 3.452148437500000000e-01
9.340820312500000000e-01 3.571777343750000000e-01
9.296875000000000000e-01 3.688964843750000000e-01
9.248046875000000000e-01 3.806152343750000000e-01
9.199218750000000000e-01 3.920898437500000000e-01
9.150390625000000000e-01 4.035644531250000000e-01
9.096679687500000000e-01 4.150390625000000000e-01
9.042968750000000000e-01 4.265136718750000000e-01
8.989257812500000000e-01 4.379882812500000000e-01
8.935546875000000000e-01 4.492187500000000000e-01
8.876953125000000000e-01 4.604492187500000000e-01
8.818359375000000000e-01 4.716796875000000000e-01
8.759765625000000000e-01 4.826660156250000000e-01
8.696289062500000000e-01 4.936523437500000000e-01
8.632812500000000000e-01 5.043945312500000000e-01
8.569335937500000000e-01 5.151367187500000000e-01
8.505859375000000000e-01 5.258789062500000000e-01
8.437500000000000000e-01 5.366210937500000000e-01
8.369140625000000000e-01 5.473632812500000000e-01
8.300781250000000000e-01 5.576171875000000000e-01
8.227539062500000000e-01 5.683593750000000000e-01
8.154296875000000000e-01 5.786132812500000000e-01
8.081054687500000000e-01 5.888671875000000000e-01
8.007812500000000000e-01 5.991210937500000000e-01
7.929687500000000000e-01 6.088867187500000000e-01
7.856445312500000000e-01 6.191406250000000000e-01
7.778320312500000000e-01 6.289062500000000000e-01
7.695312500000000000e-01 6.386718750000000000e-01
7.617187500000000000e-01 6.479492187500000000e-01
7.534179687500000000e-01 6.577148437500000000e-01
7.451171875000000000e-01 6.669921875000000000e-01
7.363281250000000000e-01 6.762695312500000000e-01
7.280273437500000000e-01 6.855468750000000000e-01
7.192382812500000000e-01 6.948242187500000000e-01
7.104492187500000000e-01 7.036132812500000000e-01
7.016601562500000000e-01 7.128906250000000000e-01
6.923828125000000000e-01 7.211914062500000000e-01
6.835937500000000000e-01 7.299804687500000000e-01
6.743164062500000000e-01 7.387695312500000000e-01
6.645507812500000000e-01 7.470703125000000000e-01
6.552734375000000000e-01 7.553710937500000000e-01
6.455078125000000000e-01 7.636718750000000000e-01
6.362304687500000000e-01 7.714843750000000000e-01
6.264648437500000000e-01 7.797851562500000000e-01
6.162109375000000000e-01 7.875976562500000000e-01
6.064453125000000000e-01 7.949218750000000000e-01
5.961914062500000000e-01 8.027343750000000000e-01
5.864257812500000000e-01 8.100585937500000000e-01
5.761718750000000000e-01 8.173828125000000000e-01
5.654296875000000000e-01 8.247070312500000000e-01
5.551757812500000000e-01 8.315429687500000000e-01
5.449218750000000000e-01 8.383789062500000000e-01
5.341796875000000000e-01 8.452148437500000000e-01
5.234375000000000000e-01 8.520507812500000000e-01
5.126953125000000000e-01 8.583984375000000000e-01
5.019531250000000000e-01 8.647460937500000000e-01
4.909667968750000000e-01 8.710937500000000000e-01
4.799804687500000000e-01 8.774414062500000000e-01
4.687500000000000000e-01 8.833007812500000000e-01
4.575195312500000000e-01 8.891601562500000000e-01
4.462890625000000000e-01 8.950195312500000000e-01
4.350585937500000000e-01 9.003906250000000000e-01
4.238281250000000000e-01 9.057617187500000000e-01
4.123535156250000000e-01 9.111328125000000000e-01
4.008789062500000000e-01 9.160156250000000000e-01
3.891601562500000000e-01 9.213867187500000000e-01
3.776855468750000000e-01 9.257812500000000000e-01
3.659667968750000000e-01 9.306640625000000000e-01
3.542480468750000000e-01 9.350585937500000000e-01
3.422851562500000000e-01 9.394531250000000000e-01
3.305664062500000000e-01 9.438476562500000000e-01
3.186035156250000000e-01 9.477539062500000000e-01
3.066406250000000000e-01 9.516601562500000000e-01
2.946777343750000000e-01 9.555664062500000000e-01
2.824707031250000000e-01 9.594726562500000000e-01
2.705078125000000000e-01 9.628906250000000000e-01
2.583007812500000000e-01 9.658203125000000000e-01
2.460937500000000000e-01 9.692382812500000000e-01
2.338867187500000000e-01 9.721679687500000000e-01
2.216796875000000000e-01 9.750976562500000000e-01
2.093505859375000000e-01 9.780273437500000000e-01
1.970214843750000000e-01 9.804687500000000000e-01
1.846923828125000000e-01 9.829101562500000000e-01
1.722412109375000000e-01 9.848632812500000000e-01
1.599121093750000000e-01 9.873046875000000000e-01
1.474609375000000000e-01 9.892578125000000000e-01
1.348876953125000000e-01 9.907226562500000000e-01
1.224365234375000000e-01 9.926757812500000000e-01
1.099243164062500000e-01 9.941406250000000000e-01
9.741210937500000000e-02 9.951171875000000000e-01
8.489990234375000000e-02 9.965820312500000000e-01
7.232666015625000000e-02 9.975585937500000000e-01
5.978393554687500000e-02 9.980468750000000000e-01
4.721069335937500000e-02 9.990234375000000000e-01
3.460693359375000000e-02 9.995117187500000000e-01
2.203369140625000000e-02 1.000000000000000000e+00
9.445190429687500000e-03 1.000000000000000000e+00
-3.147125244140625000e-03 1.000000000000000000e+00
-1.573181152343750000e-02 1.000000000000000000e+00
-2.832031250000000000e-02 9.995117187500000000e-01
-4.092407226562500000e-02 9.990234375000000000e-01
-5.349731445312500000e-02 9.985351562500000000e-01
-6.604003906250000000e-02 9.980468750000000000e-01
-7.861328125000000000e-02 9.970703125000000000e-01
-9.118652343750000000e-02 9.956054687500000000e-01
-1.036987304687500000e-01 9.946289062500000000e-01
-1.162109375000000000e-01 9.931640625000000000e-01
-1.286621093750000000e-01 9.916992187500000000e-01
-1.412353515625000000e-01 9.897460937500000000e-01
-1.536865234375000000e-01 9.882812500000000000e-01
-1.660156250000000000e-01 9.863281250000000000e-01
-1.784667968750000000e-01 9.838867187500000000e-01
-1.907958984375000000e-01 9.814453125000000000e-01
-2.032470703125000000e-01 9.790039062500000000e-01
-2.154541015625000000e-01 9.765625000000000000e-01
-2.277832031250000000e-01 9.736328125000000000e-01
-2.399902343750000000e-01 9.707031250000000000e-01
-2.521972656250000000e-01 9.677734375000000000e-01
-2.644042968750000000e-01 9.643554687500000000e-01
-2.766113281250000000e-01 9.609375000000000000e-01
-2.885742187500000000e-01 9.575195312500000000e-01
-3.005371093750000000e-01 9.536132812500000000e-01
-3.125000000000000000e-01 9.497070312500000000e-01
-3.244628906250000000e-01 9.458007812500000000e-01
-3.364257812500000000e-01 9.418945312500000000e-01
-3.481445312500000000e-01 9.375000000000000000e-01
-3.601074218750000000e-01 9.331054687500000000e-01
-3.718261718750000000e-01 9.282226562500000000e-01
-3.833007812500000000e-01 9.233398437500000000e-01
-3.950195312500000000e-01 9.184570312500000000e-01
-4.064941406250000000e-01 9.135742187500000000e-01
-4.179687500000000000e-01 9.082031250000000000e-01
-4.294433593750000000e-01 9.033203125000000000e-01
-4.406738281250000000e-01 8.974609375000000000e-01
-4.519042968750000000e-01 8.920898437500000000e-01
-4.631347656250000000e-01 8.862304687500000000e-01
-4.743652343750000000e-01 8.803710937500000000e-01
-4.853515625000000000e-01 8.745117187500000000e-01
-4.963378906250000000e-01 8.681640625000000000e-01
-5.073242187500000000e-01 8.618164062500000000e-01
-5.180664062500000000e-01 8.554687500000000000e-01
-5.288085937500000000e-01 8.486328125000000000e-01
-5.395507812500000000e-01 8.417968750000000000e-01
-5.498046875000000000e-01 8.349609375000000000e-01
-5.605468750000000000e-01 8.281250000000000000e-01
-5.708007812500000000e-01 8.212890625000000000e-01
-5.810546875000000000e-01 8.139648437500000000e-01
-5.913085937500000000e-01 8.066406250000000000e-01
-6.015625000000000000e-01 7.988281250000000000e-01
-6.113281250000000000e-01 7.915039062500000000e-01
-6.215820312500000000e-01 7.836914062500000000e-01
-6.313476562500000000e-01 7.753906250000000000e-01
-6.411132812500000000e-01 7.675781250000000000e-01
-6.503906250000000000e-01 7.592773437500000000e-01
-6.601562500000000000e-01 7.514648437500000000e-01
-6.694335937500000000e-01 7.426757812500000000e-01
-6.787109375000000000e-01 7.343750000000000000e-01
-6.879882812500000000e-01 7.255859375000000000e-01
-6.967773437500000000e-01 7.172851562500000000e-01
-7.060546875000000000e-01 7.080078125000000000e-01
-7.148437500000000000e-01 6.992187500000000000e-01
-7.236328125000000000e-01 6.904296875000000000e-01
-7.324218750000000000e-01 6.811523437500000000e-01
-7.407226562500000000e-01 6.718750000000000000e-01
-7.490234375000000000e-01 6.625976562500000000e-01
-7.573242187500000000e-01 6.528320312500000000e-01
-7.656250000000000000e-01 6.435546875000000000e-01
-7.734375000000000000e-01 6.337890625000000000e-01
-7.817382812500000000e-01 6.240234375000000000e-01
-7.895507812500000000e-01 6.137695312500000000e-01
-7.968750000000000000e-01 6.040039062500000000e-01
-8.046875000000000000e-01 5.937500000000000000e-01
-8.120117187500000000e-01 5.834960937500000000e-01
-8.193359375000000000e-01 5.732421875000000000e-01
-8.261718750000000000e-01 5.629882812500000000e-01
-8.334960937500000000e-01 5.527343750000000000e-01
-8.403320312500000000e-01 5.419921875000000000e-01
-8.471679687500000000e-01 5.312500000000000000e-01
-8.535156250000000000e-01 5.209960937500000000e-01
-8.603515625000000000e-01 5.097656250000000000e-01
-8.666992187500000000e-01 4.990234375000000000e-01
-8.725585937500000000e-01 4.880371093750000000e-01
-8.789062500000000000e-01 4.770507812500000000e-01
-8.847656250000000000e-01 4.660644531250000000e-01
-8.906250000000000000e-01 4.548339843750000000e-01
-8.959960937500000000e-01 4.436035156250000000e-01
-9.018554687500000000e-01 4.323730468750000000e-01
-9.072265625000000000e-01 4.208984375000000000e-01
-9.121093750000000000e-01 4.094238281250000000e-01
-9.174804687500000000e-01 3.979492187500000000e-01
-9.223632812500000000e-01 3.862304687500000000e-01
-9.272460937500000000e-01 3.747558593750000000e-01
-9.316406250000000000e-01 3.630371093750000000e-01
-9.365234375000000000e-01 3.513183593750000000e-01
-9.404296875000000000e-01 3.393554687500000000e-01
-9.448242187500000000e-01 3.276367187500000000e-01
-9.487304687500000000e-01 3.156738281250000000e-01
-9.526367187500000000e-01 3.037109375000000000e-01
-9.565429687500000000e-01 2.915039062500000000e-01
-9.599609375000000000e-01 2.795410156250000000e-01
-9.633789062500000000e-01 2.673339843750000000e-01
-9.667968750000000000e-01 2.553710937500000000e-01
-9.702148437500000000e-01 2.430419921875000000e-01
-9.731445312500000000e-01 2.308349609375000000e-01
-9.755859375000000000e-01 2.186279296875000000e-01
-9.785156250000000000e-01 2.062988281250000000e-01
-9.809570312500000000e-01 1.939697265625000000e-01
-9.833984375000000000e-01 1.815185546875000000e-01
-9.853515625000000000e-01 1.691894531250000000e-01
-9.877929687500000000e-01 1.567382812500000000e-01
-9.897460937500000000e-01 1.442871093750000000e-01
-9.912109375000000000e-01 1.318359375000000000e-01
-9.926757812500000000e-01 1.193237304687500000e-01
-9.941406250000000000e-01 1.068115234375000000e-01
-9.956054687500000000e-01 9.429931640625000000e-02
-9.965820312500000000e-01 8.172607421875000000e-02
-9.975585937500000000e-01 6.921386718750000000e-02
-9.985351562500000000e-01 5.664062500000000000e-02
-9.990234375000000000e-01 4.406738281250000000e-02
-9.995117187500000000e-01 3.146362304687500000e-02
-1.000000000000000000e+00 1.889038085937500000e-02
-1.000000000000000000e+00 6.294250488281250000e-03
-1.000000000000000000e+00 -6.294250488281250000e-03
-1.000000000000000000e+00 -1.889038085937500000e-02
-9.995117187500000000e-01 -3.146362304687500000e-02
-9.990234375000000000e-01 -4.406738281250000000e-02
-9.985351562500000000e-01 -5.664062500000000000e-02
-9.975585937500000000e-01 -6.921386718750000000e-02
-9.965820312500000000e-01 -8.172607421875000000e-02
-9.956054687500000000e-01 -9.429931640625000000e-02
-9.941406250000000000e-01 -1.068115234375000000e-01
-9.926757812500000000e-01 -1.193237304687500000e-01
-9.912109375000000000e-01 -1.318359375000000000e-01
-9.897460937500000000e-01 -1.442871093750000000e-01
-9.877929687500000000e-01 -1.567382812500000000e-01
-9.853515625000000000e-01 -1.691894531250000000e-01
-9.833984375000000000e-01 -1.815185546875000000e-01
-9.809570312500000000e-01 -1.939697265625000000e-01
-9.785156250000000000e-01 -2.062988281250000000e-01
-9.755859375000000000e-01 -2.186279296875000000e-01
-9.731445312500000000e-01 -2.308349609375000000e-01
-9.702148437500000000e-01 -2.430419921875000000e-01
-9.667968750000000000e-01 -2.553710937500000000e-01
-9.633789062500000000e-01 -2.673339843750000000e-01
-9.599609375000000000e-01 -2.795410156250000000e-01
-9.565429687500000000e-01 -2.915039062500000000e-01
-9.526367187500000000e-01 -3.037109375000000000e-01
-9.487304687500000000e-01 -3.156738281250000000e-01
-9.448242187500000000e-01 -3.276367187500000000e-01
-9.404296875000000000e-01 -3.393554687500000000e-01
-9.365234375000000000e-01 -3.513183593750000000e-01
-9.316406250000000000e-01 -3.630371093750000000e-01
-9.272460937500000000e-01 -3.747558593750000000e-01
-9.223632812500000000e-01 -3.862304687500000000e-01
-9.174804687500000000e-01 -3.979492187500000000e-01
-9.121093750000000000e-01 -4.094238281250000000e-01
-9.072265625000000000e-01 -4.208984375000000000e-01
-9.018554687500000000e-01 -4.323730468750000000e-01
-8.959960937500000000e-01 -4.436035156250000000e-01
-8.906250000000000000e-01 -4.548339843750000000e-01
-8.847656250000000000e-01 -4.660644531250000000e-01
-8.789062500000000000e-01 -4.770507812500000000e-01
-8.725585937500000000e-01 -4.880371093750000000e-01
-8.666992187500000000e-01 -4.990234375000000000e-01
-8.603515625000000000e-01 -5.097656250000000000e-01
-8.535156250000000000e-01 -5.209960937500000000e-01
-8.471679687500000000e-01 -5.312500000000000000e-01
-8.403320312500000000e-01 -5.419921875000000000e-01
-8.334960937500000000e-01 -5.527343750000000000e-01
-8.261718750000000000e-01 -5.629882812500000000e-01
-8.193359375000000000e-01 -5.732421875000000000e-01
-8.120117187500000000e-01 -5.834960937500000000e-01
-8.046875000000000000e-01 -5.937500000000000000e-01
-7.968750000000000000e-01 -6.040039062500000000e-01
-7.895507812500000000e-01 -6.137695312500000000e-01
-7.817382812500000000e-01 -6.240234375000000000e-01
-7.734375000000000000e-01 -6.337890625000000000e-01
-7.656250000000000000e-01 -6.435546875000000000e-01
-7.573242187500000000e-01 -6.528320312500000000e-01
-7.490234375000000000e-01 -6.625976562500000000e-01
-7.407226562500000000e-01 -6.718750000000000000e-01
-7.324218750000000000e-01 -6.811523437500000000e-01
-7.236328125000000000e-01 -6.904296875000000000e-01
-7.148437500000000000e-01 -6.992187500000000000e-01
-7.060546875000000000e-01 -7.080078125000000000e-01
-6.967773437500000000e-01 -7.172851562500000000e-01
-6.879882812500000000e-01 -7.255859375000000000e-01
-6.787109375000000000e-01 -7.343750000000000000e-01
-6.694335937500000000e-01 -7.426757812500000000e-01
-6.601562500000000000e-01 -7.514648437500000000e-01
-6.503906250000000000e-01 -7.592773437500000000e-01
-6.411132812500000000e-01 -7.675781250000000000e-01
-6.313476562500000000e-01 -7.753906250000000000e-01
-6.215820312500000000e-01 -7.836914062500000000e-01
-6.113281250000000000e-01 -7.915039062500000000e-01
-6.015625000000000000e-01 -7.988281250000000000e-01
-5.913085937500000000e-01 -8.066406250000000000e-01
-5.810546875000000000e-01 -8.139648437500000000e-01
-5.708007812500000000e-01 -8.212890625000000000e-01
-5.605468750000000000e-01 -8.281250000000000000e-01
-5.498046875000000000e-01 -8.349609375000000000e-01
-5.395507812500000000e-01 -8.417968750000000000e-01
-5.288085937500000000e-01 -8.486328125000000000e-01
-5.180664062500000000e-01 -8.554687500000000000e-01
-5.073242187500000000e-01 -8.618164062500000000e-01
-4.963378906250000000e-01 -8.681640625000000000e-01
-4.853515625000000000e-01 -8.745117187500000000e-01
-4.743652343750000000e-01 -8.803710937500000000e-01
-4.631347656250000000e-01 -8.862304687500000000e-01
-4.519042968750000000e-01 -8.920898437500000000e-01
-4.406738281250000000e-01 -8.974609375000000000e-01
-4.294433593750000000e-01 -9.033203125000000000e-01
-4.179687500000000000e-01 -9.082031250000000000e-01
-4.064941406250000000e-01 -9.135742187500000000e-01
-3.950195312500000000e-01 -9.184570312500000000e-01
-3.833007812500000000e-01 -9.233398437500000000e-01
-3.718261718750000000e-01 -9.282226562500000000e-01
-3.601074218750000000e-01 -9.331054687500000000e-01
-3.481445312500000000e-01 -9.375000000000000000e-01
-3.364257812500000000e-01 -9.418945312500000000e-01
-3.244628906250000000e-01 -9.458007812500000000e-01
-3.125000000000000000e-01 -9.497070312500000000e-01
-3.005371093750000000e-01 -9.536132812500000000e-01
-2.885742187500000000e-01 -9.575195312500000000e-01
-2.766113281250000000e-01 -9.609375000000000000e-01
-2.644042968750000000e-01 -9.643554687500000000e-01
-2.521972656250000000e-01 -9.677734375000000000e-01
-2.399902343750000000e-01 -9.707031250000000000e-01
-2.277832031250000000e-01 -9.736328125000000000e-01
-2.154541015625000000e-01 -9.765625000000000000e-01
-2.032470703125000000e-01 -9.790039062500000000e-01
-1.907958984375000000e-01 -9.814453125000000000e-01
-1.784667968750000000e-01 -9.838867187500000000e-01
-1.660156250000000000e-01 -9.863281250000000000e-01
-1.536865234375000000e-01 -9.882812500000000000e-01
-1.412353515625000000e-01 -9.897460937500000000e-01
-1.286621093750000000e-01 -9.916992187500000000e-01
-1.162109375000000000e-01 -9.931640625000000000e-01
-1.036987304687500000e-01 -9.946289062500000000e-01
-9.118652343750000000e-02 -9.956054687500000000e-01
-7.861328125000000000e-02 -9.970703125000000000e-01
-6.604003906250000000e-02 -9.980468750000000000e-01
-5.349731445312500000e-02 -9.985351562500000000e-01
-4.092407226562500000e-02 -9.990234375000000000e-01
-2.832031250000000000e-02 -9.995117187500000000e-01
-1.573181152343750000e-02 -1.000000000000000000e+00
-3.147125244140625000e-03 -1.000000000000000000e+00
9.445190429687500000e-03 -1.000000000000000000e+00
2.203369140625000000e-02 -1.000000000000000000e+00
3.460693359375000000e-02 -9.995117187500000000e-01
4.721069335937500000e-02 -9.990234375000000000e-01
5.978393554687500000e-02 -9.980468750000000000e-01
7.232666015625000000e-02 -9.975585937500000000e-01
8.489990234375000000e-02 -9.965820312500000000e-01
9.741210937500000000e-02 -9.951171875000000000e-01
1.099243164062500000e-01 -9.941406250000000000e-01
1.224365234375000000e-01 -9.926757812500000000e-01
1.348876953125000000e-01 -9.907226562500000000e-01
1.474609375000000000e-01 -9.892578125000000000e-01
1.599121093750000000e-01 -9.873046875000000000e-01
1.722412109375000000e-01 -9.848632812500000000e-01
1.846923828125000000e-01 -9.829101562500000000e-01
1.970214843750000000e-01 -9.804687500000000000e-01
2.093505859375000000e-01 -9.780273437500000000e-01
2.216796875000000000e-01 -9.750976562500000000e-01
2.338867187500000000e-01 -9.721679687500000000e-01
2.460937500000000000e-01 -9.692382812500000000e-01
2.583007812500000000e-01 -9.658203125000000000e-01
2.705078125000000000e-01 -9.628906250000000000e-01
2.824707031250000000e-01 -9.594726562500000000e-01
2.946777343750000000e-01 -9.555664062500000000e-01
3.066406250000000000e-01 -9.516601562500000000e-01
3.186035156250000000e-01 -9.477539062500000000e-01
3.305664062500000000e-01 -9.438476562500000000e-01
3.422851562500000000e-01 -9.394531250000000000e-01
3.542480468750000000e-01 -9.350585937500000000e-01
3.659667968750000000e-01 -9.306640625000000000e-01
3.776855468750000000e-01 -9.257812500000000000e-01
3.891601562500000000e-01 -9.213867187500000000e-01
4.008789062500000000e-01 -9.160156250000000000e-01
4.123535156250000000e-01 -9.111328125000000000e-01
4.238281250000000000e-01 -9.057617187500000000e-01
4.350585937500000000e-01 -9.003906250000000000e-01
4.462890625000000000e-01 -8.950195312500000000e-01
4.575195312500000000e-01 -8.891601562500000000e-01
4.687500000000000000e-01 -8.833007812500000000e-01
4.799804687500000000e-01 -8.774414062500000000e-01
4.909667968750000000e-01 -8.710937500000000000e-01
5.019531250000000000e-01 -8.647460937500000000e-01
5.126953125000000000e-01 -8.583984375000000000e-01
5.234375000000000000e-01 -8.520507812500000000e-01
5.341796875000000000e-01 -8.452148437500000000e-01
5.449218750000000000e-01 -8.383789062500000000e-01
5.551757812500000000e-01 -8.315429687500000000e-01
5.654296875000000000e-01 -8.247070312500000000e-01
5.761718750000000000e-01 -8.173828125000000000e-01
5.864257812500000000e-01 -8.100585937500000000e-01
5.961914062500000000e-01 -8.027343750000000000e-01
6.064453125000000000e-01 -7.949218750000000000e-01
6.162109375000000000e-01 -7.875976562500000000e-01
6.264648437500000000e-01 -7.797851562500000000e-01
6.362304687500000000e-01 -7.714843750000000000e-01
6.455078125000000000e-01 -7.636718750000000000e-01
6.552734375000000000e-01 -7.553710937500000000e-01
6.645507812500000000e-01 -7.470703125000000000e-01
6.743164062500000000e-01 -7.387695312500000000e-01
6.835937500000000000e-01 -7.299804687500000000e-01
6.923828125000000000e-01 -7.211914062500000000e-01
7.016601562500000000e-01 -7.128906250000000000e-01
7.104492187500000000e-01 -7.036132812500000000e-01
7.192382812500000000e-01 -6.948242187500000000e-01
7.280273437500000000e-01 -6.855468750000000000e-01
7.363281250000000000e-01 -6.762695312500000000e-01
7.451171875000000000e-01 -6.669921875000000000e-01
7.534179687500000000e-01 -6.577148437500000000e-01
7.617187500000000000e-01 -6.479492187500000000e-01
7.695312500000000000e-01 -6.386718750000000000e-01
7.778320312500000000e-01 -6.289062500000000000e-01
7.856445312500000000e-01 -6.191406250000000000e-01
7.929687500000000000e-01 -6.088867187500000000e-01
8.007812500000000000e-01 -5.991210937500000000e-01
8.081054687500000000e-01 -5.888671875000000000e-01
8.154296875000000000e-01 -5.786132812500000000e-01
8.227539062500000000e-01 -5.683593750000000000e-01
8.300781250000000000e-01 -5.576171875000000000e-01
8.369140625000000000e-01 -5.473632812500000000e-01
8.437500000000000000e-01 -5.366210937500000000e-01
8.505859375000000000e-01 -5.258789062500000000e-01
8.569335937500000000e-01 -5.151367187500000000e-01
8.632812500000000000e-01 -5.043945312500000000e-01
8.696289062500000000e-01 -4.936523437500000000e-01
8.759765625000000000e-01 -4.826660156250000000e-01
8.818359375000000000e-01 -4.716796875000000000e-01
8.876953125000000000e-01 -4.604492187500000000e-01
8.935546875000000000e-01 -4.492187500000000000e-01
8.989257812500000000e-01 -4.379882812500000000e-01
9.042968750000000000e-01 -4.265136718750000000e-01
9.096679687500000000e-01 -4.150390625000000000e-01
9.150390625000000000e-01 -4.035644531250000000e-01
9.199218750000000000e-01 -3.920898437500000000e-01
9.248046875000000000e-01 -3.806152343750000000e-01
9.296875000000000000e-01 -3.688964843750000000e-01
9.340820312500000000e-01 -3.571777343750000000e-01
9.384765625000000000e-01 -3.452148437500000000e-01
9.428710937500000000e-01 -3.334960937500000000e-01
9.467773437500000000e-01 -3.215332031250000000e-01
9.506835937500000000e-01 -3.095703125000000000e-01
9.545898437500000000e-01 -2.976074218750000000e-01
9.584960937500000000e-01 -2.856445312500000000e-01
9.619140625000000000e-01 -2.734375000000000000e-01
9.653320312500000000e-01 -2.612304687500000000e-01
9.682617187500000000e-01 -2.491455078125000000e-01
9.716796875000000000e-01 -2.369384765625000000e-01
9.746093750000000000e-01 -2.247314453125000000e-01
9.770507812500000000e-01 -2.124023437500000000e-01
9.799804687500000000e-01 -2.000732421875000000e-01
9.824218750000000000e-01 -1.877441406250000000e-01
9.843750000000000000e-01 -1.754150390625000000e-01
9.868164062500000000e-01 -1.629638671875000000e-01
9.887695312500000000e-01 -1.505126953125000000e-01
9.902343750000000000e-01 -1.380615234375000000e-01
9.921875000000000000e-01 -1.256103515625000000e-01
9.936523437500000000e-01 -1.130981445312500000e-01
9.951171875000000000e-01 -1.005859375000000000e-01
9.960937500000000000e-01 -8.801269531250000000e-02
9.970703125000000000e-01 -7.550048828125000000e-02
9.980468750000000000e-01 -6.292724609375000000e-02
9.985351562500000000e-01 -5.035400390625000000e-02
9.995117187500000000e-01 -3.778076171875000000e-02
9.995117187500000000e-01 -2.517700195312500000e-02
1.000000000000000000e+00 -1.258850097656250000e-02
1.000000000000000000e+00 -0.000000000000000000e+00
